0: 1 11 
1: 0 2 11 
2: 1 3 12 
3: 2 4 12 
4: 3 5 
5: 4 6 
6: 5 7 
7: 6 8 
8: 7 9 
9: 8 10 13 
10: 9 14 13 
11: 0 15 1 
12: 2 16 3 17 
13: 14 9 22 10 23 
14: 13 10 23 
15: 11 24 
16: 17 12 25 
17: 16 18 12 25 
18: 17 19 
19: 18 20 
20: 19 21 
21: 20 26 
22: 23 13 27 
23: 22 14 28 13 27 
24: 15 29 
25: 16 30 17 
26: 21 34 
27: 28 22 35 23 36 
28: 27 23 36 
29: 24 37 
30: 25 
31: 32 
32: 31 33 
33: 32 34 
34: 33 26 
35: 36 27 39 38 
36: 35 28 40 27 39 
37: 29 41 42 
38: 39 49 35 50 
39: 38 40 35 50 36 
40: 39 36 
41: 42 37 
42: 41 43 37 
43: 42 44 
44: 43 45 
45: 44 46 
46: 45 47 
47: 46 48 
48: 47 49 
49: 48 50 38 
50: 49 39 38 
